[currencytrade]
tradeid = '2017030805'
tradedate = 2017-03-08 21:56:57
currencypair = USDJPY
tradetype = 1
tradeprice = 114.588
tradevolume = 1.0
stopprice = 114.477
profitprice = 114.777

[currencytrace]
tradeid = '2017030802'
endprice = 1.05555
endprofit = -49.00
enddate = 2017-03-09 21:56:22
highprice = 0.00
highdate = 2012-12-12 12:12:12
lowprice = 1.05251
lowdate = 2017-03-09 09:00:00
agent = FXCM